p 100 100
d 181 785 125 295 889 353 351 965 868 298 758 942 169 323 741 525 190 719 149 86 19 666 444 982 652 427 227 543 436 755 217 970 892 695 265 782 400 968 747 620 266 506 562 435 181 655 313 372 374 814 810 745 833 254 727 485 33 306 380 469 414 950 439 306 997 56 440 397 24 188 17 643 46 579 430 227 586 95 951 960 910 761 705 743 367 784 580 400 442 312 870 208 262 661 515 259 718 307 8 94 
d 847 25 89 893 956 872 473 542 319 424 502 229 538 559 324 905 343 256 306 138 569 528 346 183 189 213 443 259 521 451 706 368 829 147 614 785 371 87 680 691 863 534 272 401 94 949 307 789 205 965 927 774 493 274 958 682 839 753 294 360 556 0 729 385 499 695 523 871 782 203 562 645 737 186 399 183 135 58 973 341 23 252 467 868 878 777 902 718 882 196 78 439 548 159 176 48 854 699 271 988 
d 254 833 986 992 371 385 175 507 443 500 848 818 753 667 686 631 445 588 701 327 137 780 118 685 291 295 85 498 346 356 486 601 189 472 945 913 209 472 420 4 973 620 174 78 287 860 709 84 801 411 764 938 543 882 975 186 529 61 684 228 417 523 829 959 347 126 872 557 598 644 913 571 264 88 649 551 300 711 988 453 474 752 743 17 986 719 555 516 132 240 744 901 115 925 860 462 51 84 371 649 
d 728 285 573 344 373 574 896 25 285 236 479 111 988 222 128 974 941 36 842 425 276 938 327 391 863 187 205 266 624 577 916 704 862 841 49 587 415 297 612 53 533 91 164 521 666 645 847 959 681 690 385 309 628 712 52 492 251 257 110 875 186 378 932 400 219 981 987 987 278 952 392 811 395 908 684 61 553 531 21 586 221 758 247 850 470 651 694 721 261 804 949 447 183 881 848 754 862 187 741 492 
d 139 485 655 887 394 339 948 299 870 321 238 444 79 485 646 901 489 340 623 750 496 924 197 31 805 397 138 19 585 231 863 76 717 518 963 111 857 912 762 79 585 0 523 665 486 169 566 975 861 541 77 710 817 274 741 622 24 231 993 609 463 208 685 180 726 1 643 935 913 405 15 850 406 890 867 244 412 786 571 273 679 648 335 497 274 429 119 298 660 465 259 123 673 297 303 752 298 298 687 563 
d 704 54 413 110 945 281 354 357 419 277 982 98 925 670 595 551 99 67 850 759 884 461 235 557 758 890 309 56 189 349 619 893 403 385 355 700 18 709 409 437 338 744 887 263 414 483 166 865 902 16 624 786 478 211 343 588 102 5 645 291 706 616 184 461 353 539 162 371 600 923 160 938 667 48 553 433 883 71 298 785 440 275 571 918 486 266 858 588 623 855 879 329 472 415 791 825 306 305 549 906 
d 580 61 196 248 461 101 33 344 173 332 129 613 607 52 883 93 319 93 682 294 949 913 624 421 329 767 598 635 424 499 894 4 561 442 604 22 896 638 719 69 970 200 34 929 253 269 22 924 714 56 218 663 970 194 436 651 313 35 638 89 886 532 94 447 975 50 822 871 688 541 292 10 741 678 939 346 299 314 270 13 722 489 29 44 35 465 695 349 500 334 790 739 218 884 538 545 287 360 768 327 
d 253 412 338 347 442 629 693 741 295 964 107 18 805 136 414 192 601 110 893 454 796 684 193 14 920 731 560 207 444 680 535 697 93 225 396 535 206 90 629 854 406 736 872 563 224 638 755 177 748 1 631 896 685 176 911 605 260 823 165 704 855 700 753 948 277 502 484 483 592 465 337 350 553 561 913 777 200 20 954 300 373 938 197 58 466 460 16 726 635 181 782 490 881 888 439 510 390 275 993 334 
d 740 683 684 293 596 949 422 796 321 728 449 695 666 998 753 485 458 121 563 93 302 346 935 535 586 374 45 976 1 391 310 93 426 346 738 22 295 160 171 616 889 620 663 907 618 769 744 428 890 308 873 193 654 808 80 240 535 126 568 536 869 230 982 295 576 720 317 871 233 840 839 122 812 503 381 430 272 126 210 514 786 83 59 440 892 140 32 427 618 952 315 487 182 297 134 758 370 803 629 603 
d 644 820 77 456 323 458 239 947 936 801 462 722 885 521 514 777 13 898 556 631 850 871 470 32 521 604 790 891 760 771 494 756 944 571 564 267 381 803 567 670 957 381 744 842 254 259 971 268 157 527 251 360 750 722 744 271 678 887 514 790 10 8 546 954 931 111 574 313 266 141 335 223 874 79 65 128 338 36 748 848 915 0 560 666 74 304 289 104 191 804 895 202 164 441 156 96 552 82 761 171 
d 223 96 394 449 175 812 578 866 200 678 66 116 30 978 134 104 282 423 209 826 579 104 380 744 897 888 840 802 971 601 973 546 49 719 996 576 531 926 442 732 604 860 848 635 838 334 91 121 757 300 299 337 756 679 433 6 567 273 808 538 226 133 85 275 852 433 851 384 359 646 116 315 506 316 302 697 2 394 170 759 46 469 448 155 148 881 161 67 506 321 606 732 454 43 359 306 828 211 42 187 
d 209 510 854 715 826 157 412 180 903 582 292 301 403 740 456 551 974 969 971 832 290 577 565 96 972 924 403 800 487 797 339 696 308 193 764 486 702 528 667 605 111 959 259 866 51 715 418 25 37 389 210 327 318 775 776 642 51 531 794 891 328 133 587 636 678 703 123 381 232 790 338 695 749 949 561 800 665 331 178 702 720 388 381 390 515 509 384 918 40 178 809 369 311 749 5 990 452 480 723 684 
d 622 413 731 371 363 293 524 380 624 54 434 697 442 167 87 309 677 472 227 717 2 389 438 314 138 796 656 942 276 731 979 899 496 710 622 211 3 498 943 980 552 377 677 346 545 116 655 574 940 235 291 943 624 82 609 114 878 265 408 154 348 387 405 844 450 380 408 453 878 351 785 431 729 462 129 626 931 137 552 871 372 843 814 348 925 775 814 155 40 222 662 740 610 67 937 412 447 345 217 326 
d 696 3 109 777 465 238 755 396 375 307 620 99 503 786 447 780 562 613 936 954 836 598 695 798 17 632 210 465 977 427 143 25 782 604 155 248 194 910 996 570 570 968 21 73 755 821 205 669 434 141 623 622 91 318 420 109 302 982 926 631 762 421 9 544 377 164 144 571 426 493 141 996 461 163 421 568 984 979 237 770 472 861 393 564 531 165 25 834 148 303 817 262 76 826 806 453 990 951 24 769 
d 796 518 117 257 33 891 826 369 870 63 139 342 276 532 906 808 698 283 994 198 938 811 460 14 638 618 467 980 921 492 101 717 10 219 975 43 110 153 412 980 568 903 322 845 436 581 653 486 216 647 36 155 810 496 169 800 114 637 781 388 481 882 105 843 101 432 238 563 937 2 895 506 905 218 351 341 151 356 179 719 355 215 874 165 63 396 966 530 385 99 918 866 333 375 709 787 808 299 350 745 
d 301 246 603 206 816 306 900 319 662 79 38 369 647 265 887 710 661 205 240 46 656 510 264 989 886 325 776 46 624 479 791 925 77 747 131 893 53 383 564 68 463 954 789 462 219 676 172 232 233 765 630 889 275 894 231 161 571 7 207 195 838 351 120 915 450 604 160 503 987 724 923 802 31 713 264 602 389 789 835 975 554 465 864 181 712 95 695 283 455 254 479 293 605 951 561 55 907 721 911 247 
d 798 834 401 829 547 18 431 289 807 618 264 713 436 128 894 148 576 941 783 31 196 614 676 801 918 237 209 825 959 472 424 109 306 178 938 206 196 721 495 355 340 111 68 776 591 314 276 167 256 59 550 452 674 579 605 592 816 166 769 127 638 546 236 297 724 526 503 920 600 350 275 292 461 695 68 404 9 696 572 617 755 474 69 781 53 27 373 222 193 495 701 184 41 290 481 765 816 336 37 768 
d 38 312 60 851 359 480 255 368 176 179 986 932 654 407 65 59 434 439 281 628 286 335 164 679 625 645 444 793 333 833 562 723 145 622 574 504 103 181 224 631 361 562 915 367 970 981 426 404 772 60 384 58 395 548 737 20 545 533 165 230 366 727 953 863 702 879 719 157 61 943 788 422 858 704 789 828 685 567 232 457 979 969 867 726 517 604 98 415 489 264 645 855 991 599 70 45 478 789 202 891 
d 84 991 313 942 47 454 770 732 374 355 541 705 324 408 432 193 364 530 608 205 794 254 60 138 205 482 183 35 271 386 927 707 729 592 650 776 399 772 860 125 479 753 830 803 513 262 997 877 793 605 434 939 211 494 77 416 976 261 452 599 647 731 306 728 323 308 504 722 433 716 847 912 469 678 68 982 292 417 211 85 374 645 25 586 491 102 354 819 715 158 418 714 889 76 442 213 737 298 287 522 
d 14 135 786 483 165 854 817 457 623 28 895 998 673 272 936 164 726 642 983 442 801 753 156 690 182 951 255 919 249 543 441 616 30 579 451 195 434 269 4 409 649 251 759 323 523 47 839 250 690 175 44 491 280 552 533 462 503 789 733 105 332 526 721 362 106 524 909 892 793 265 301 795 517 61 118 392 108 309 642 150 836 686 993 117 591 527 931 94 668 665 199 352 543 272 66 649 797 327 541 942 
d 592 195 737 461 608 207 854 68 869 848 219 57 887 212 174 478 91 458 572 759 123 124 463 18 748 529 668 897 856 561 840 801 756 929 262 364 489 116 433 358 965 4 415 852 568 942 330 660 400 254 771 875 730 235 893 479 116 913 376 973 475 568 126 583 498 388 300 987 857 85 697 822 89 464 26 657 406 708 669 158 962 441 385 45 28 631 524 496 544 900 469 371 821 595 955 319 336 607 658 193 
d 692 707 367 133 171 393 790 930 101 812 440 415 605 178 812 633 809 336 129 353 589 951 725 410 898 32 81 586 639 91 779 331 150 146 816 673 891 958 955 344 770 396 112 375 574 924 360 383 261 842 88 202 145 165 612 395 197 45 982 188 488 761 871 638 260 687 311 151 646 267 496 416 15 960 792 589 884 504 324 497 346 764 699 491 930 663 887 479 708 221 668 196 982 539 834 594 227 146 98 873 
d 765 946 641 780 906 785 721 790 290 45 288 636 161 987 480 91 651 719 571 711 940 591 908 274 130 94 221 709 592 319 582 357 265 576 137 171 361 858 313 651 255 953 640 417 293 472 860 296 543 783 7 483 374 267 109 505 714 330 214 306 649 149 16 266 725 505 437 438 364 103 442 971 56 82 740 349 906 601 997 449 736 5 284 111 624 393 968 338 76 534 997 725 683 13 344 760 518 133 551 234 
d 236 993 558 645 427 298 346 333 251 344 134 988 701 418 451 325 163 419 16 239 953 13 317 637 26 661 749 896 794 300 131 383 645 689 28 72 339 374 757 591 70 891 931 771 661 382 449 825 801 465 416 754 830 85 743 208 746 845 104 893 497 587 276 143 628 304 567 968 30 325 911 101 568 194 224 582 576 673 759 729 138 175 835 320 261 931 528 359 128 633 252 625 572 880 120 201 536 40 169 567 
d 365 432 20 285 626 244 867 202 918 626 283 408 154 118 81 415 401 609 126 529 594 731 507 167 611 627 368 148 667 889 67 384 321 439 22 947 683 889 501 953 868 784 714 22 254 795 789 656 756 915 537 351 646 44 870 610 672 590 110 691 479 177 428 152 968 450 451 3 691 952 309 559 88 23 581 342 170 370 350 278 638 888 981 636 932 851 246 956 793 356 0 624 885 428 776 205 230 227 209 921 
d 531 518 481 619 893 414 962 63 137 312 693 127 552 675 763 485 878 362 793 672 70 793 296 308 573 425 513 803 652 722 725 184 240 558 803 485 324 117 548 461 782 242 588 334 269 704 171 147 66 965 819 136 758 116 796 332 541 310 487 545 384 212 81 977 122 237 462 447 354 363 260 136 957 201 823 226 905 994 373 323 959 193 811 718 661 608 402 554 918 889 451 302 454 533 279 928 770 742 375 476 
d 105 988 613 62 189 788 288 446 782 13 769 742 206 580 812 219 540 566 125 458 455 577 113 261 462 392 190 232 486 917 708 943 905 673 357 446 813 997 892 596 11 13 690 569 946 502 141 486 68 266 945 875 843 410 137 305 802 679 889 641 596 950 936 854 975 294 300 789 291 545 385 654 558 75 224 504 929 365 991 349 983 288 576 179 698 65 836 852 744 726 845 341 28 782 547 3 76 847 792 719 
d 392 529 374 303 956 950 807 237 667 150 586 650 790 515 829 840 580 666 693 325 744 890 18 772 672 565 127 100 764 272 820 157 801 546 812 110 496 619 347 515 122 286 165 264 801 347 105 733 365 150 58 461 40 428 233 713 345 712 813 110 984 985 267 138 883 431 248 379 402 947 246 524 585 412 789 386 111 246 472 476 396 530 289 436 311 874 149 656 586 315 766 923 652 385 61 536 816 661 267 219 
d 960 514 95 546 278 236 284 389 482 756 217 878 639 506 667 950 380 168 958 318 483 725 241 488 462 302 376 631 315 643 850 276 509 297 822 787 534 458 528 368 215 97 599 206 955 266 508 335 434 466 654 270 543 895 758 6 550 486 989 865 481 191 493 991 488 315 130 374 126 11 743 341 108 342 899 64 960 407 751 394 873 757 664 769 5 774 127 555 260 116 772 94 307 266 85 147 933 567 522 59 
d 930 617 752 39 311 651 455 271 410 558 665 284 668 682 405 673 808 532 580 421 0 352 515 659 970 952 806 904 519 328 315 450 945 68 841 608 71 648 879 482 558 897 118 226 931 523 251 739 407 831 160 407 536 27 66 506 979 872 762 499 553 78 301 850 498 494 459 569 494 690 51 52 587 169 279 518 44 530 610 451 714 770 210 250 150 276 108 129 501 223 980 406 301 281 608 151 127 67 720 621 
d 758 124 674 697 293 305 568 690 187 178 141 253 300 352 503 450 980 964 580 833 187 560 591 840 194 200 991 673 619 63 295 729 187 321 427 833 978 995 523 517 525 16 771 825 720 626 276 701 590 208 886 777 768 830 969 314 30 960 988 1 24 283 731 563 956 510 396 934 857 919 451 382 936 222 207 656 849 835 709 791 43 948 921 164 130 890 478 512 203 466 513 227 101 596 790 409 106 539 343 963 
d 458 147 697 746 721 905 755 922 740 816 714 136 116 987 300 246 877 778 758 80 597 272 659 50 868 802 460 327 341 155 642 151 654 340 250 728 597 5 650 689 173 716 825 290 703 125 536 581 256 647 13 853 271 673 255 139 475 67 818 816 575 461 319 229 153 569 957 750 574 960 439 100 676 265 390 732 742 278 665 998 277 678 203 548 703 811 40 178 878 858 346 453 671 666 35 824 587 344 574 514 
d 304 14 614 333 631 356 65 373 986 730 724 264 760 279 812 464 90 204 642 969 63 341 774 86 359 809 911 946 506 837 460 810 203 74 143 186 782 560 560 769 290 636 33 403 915 197 867 358 402 861 327 817 202 453 255 913 615 166 860 121 356 672 283 559 99 779 746 881 339 658 650 982 646 35 385 913 585 252 271 987 113 950 156 668 404 411 581 19 930 793 492 638 466 775 197 565 554 295 446 246 
d 305 449 228 951 484 965 865 69 217 136 408 682 87 916 350 843 680 284 862 610 77 706 248 543 481 797 460 388 93 259 634 398 708 214 702 544 179 567 966 748 55 726 430 142 643 133 985 323 417 199 285 494 905 885 390 739 682 850 479 127 461 465 878 169 679 580 66 210 499 384 958 554 110 740 49 753 873 386 428 642 586 713 489 843 598 879 934 633 81 765 760 543 230 638 64 261 570 482 471 69 
d 866 781 624 977 522 673 82 747 59 863 390 997 576 231 193 527 462 127 512 895 893 272 790 475 263 855 737 833 337 560 903 556 342 879 533 216 904 615 963 315 478 705 313 407 936 858 286 750 985 150 646 230 422 436 706 37 643 795 871 333 355 126 889 697 357 422 265 261 389 229 576 220 286 241 979 575 99 617 325 437 767 971 19 541 760 77 579 403 872 450 736 580 928 625 629 285 47 895 546 789 
d 476 474 361 762 68 340 689 519 957 15 308 76 338 680 617 98 757 196 502 982 998 590 914 926 216 543 563 615 438 461 404 266 288 765 29 356 457 718 227 766 85 536 842 424 216 460 874 325 656 728 659 7 319 573 933 887 469 849 502 259 310 259 526 598 376 555 306 186 625 534 952 63 422 795 487 638 607 713 315 263 794 975 270 113 900 556 352 369 405 206 629 67 465 155 666 194 62 972 380 687 
d 858 684 750 280 831 589 270 438 655 586 702 449 913 324 914 813 232 266 535 989 472 516 57 290 671 723 836 85 47 568 124 906 252 227 538 84 168 809 522 823 395 576 624 660 253 538 825 485 156 360 475 981 876 884 623 899 959 459 984 6 379 109 264 631 336 155 67 504 964 942 680 711 518 304 371 123 195 196 609 703 909 436 684 785 320 307 37 279 118 21 637 497 482 254 481 170 409 900 27 373 
d 842 707 84 713 363 807 836 558 355 445 262 264 233 298 402 905 958 439 184 428 812 174 278 295 428 759 817 837 659 844 562 854 551 998 567 267 157 403 825 512 201 439 777 434 738 531 340 48 970 876 476 134 50 754 781 830 865 599 19 877 443 933 731 347 931 298 614 440 701 791 953 254 231 82 689 321 613 381 721 935 609 197 69 12 304 851 842 169 450 214 398 245 147 129 592 431 779 206 871 481 
d 998 824 735 581 258 776 254 871 509 975 806 119 524 876 131 828 79 325 350 529 539 748 774 687 230 719 118 9 925 989 842 275 166 578 208 424 706 462 648 216 789 806 687 314 682 818 142 113 495 844 642 35 593 769 722 175 488 840 184 765 181 27 393 699 957 601 476 15 416 124 231 205 930 270 519 965 440 14 78 936 858 73 971 803 842 693 978 682 885 163 447 418 190 840 118 499 794 946 514 210 
d 70 98 767 352 368 287 669 809 653 748 745 511 173 68 315 367 761 293 49 998 456 496 416 998 689 886 849 835 832 364 397 254 462 164 607 830 803 276 991 456 376 88 968 901 156 635 268 269 928 317 267 737 166 36 87 207 274 937 42 459 301 439 713 115 955 672 945 759 301 289 567 677 377 887 579 886 522 847 155 451 517 775 188 683 811 627 890 437 564 932 896 865 723 610 980 678 282 278 789 583 
d 919 357 613 648 244 544 534 767 743 690 570 260 465 110 295 628 737 185 65 302 469 962 519 544 924 852 575 206 482 364 142 401 73 755 49 318 651 584 437 394 626 359 7 443 469 302 71 558 840 488 860 661 450 732 206 374 584 781 933 66 145 75 819 571 182 868 241 185 804 678 579 430 389 586 225 858 241 296 768 81 785 629 742 587 713 948 962 649 81 247 715 579 322 886 150 856 754 391 41 911 
d 421 972 693 810 559 919 20 152 567 788 233 352 769 975 292 482 276 606 131 357 853 198 936 527 84 86 383 191 477 776 102 898 748 147 60 659 418 80 811 986 869 44 690 990 372 982 473 648 588 956 5 441 155 942 320 591 380 703 782 858 831 236 108 580 736 169 591 154 601 403 140 822 799 183 813 523 165 638 171 106 594 177 899 101 471 220 693 851 275 827 61 107 64 170 39 152 691 630 306 644 
d 385 799 467 537 982 280 60 499 918 232 605 864 761 505 966 584 77 659 435 352 486 849 459 902 371 498 54 62 481 713 706 866 864 525 403 846 157 464 345 427 48 303 292 809 160 258 393 237 917 180 589 755 29 401 10 752 251 416 814 732 129 873 599 993 750 2 191 908 818 889 335 866 192 627 27 704 237 772 941 154 953 882 262 334 283 272 87 535 40 253 267 170 478 218 515 229 573 59 489 391 
d 948 824 610 492 804 637 196 41 410 489 548 715 723 162 401 359 434 840 894 474 94 513 996 924 84 864 505 657 275 994 400 223 171 362 67 975 0 615 368 762 456 916 829 179 78 230 538 864 71 784 691 517 298 39 441 734 903 947 743 530 941 143 753 112 506 172 439 858 787 808 620 243 76 801 423 155 31 313 371 454 98 62 971 748 102 765 482 357 712 225 888 5 720 993 470 226 518 261 84 657 
d 69 56 901 146 209 676 653 241 989 24 47 439 439 19 187 893 784 669 602 848 894 842 205 615 188 27 193 706 289 630 363 710 38 616 208 248 644 861 841 986 238 888 425 677 259 613 922 395 634 524 595 881 367 801 848 555 828 41 613 469 23 976 180 62 945 388 662 589 250 503 927 840 743 353 517 355 318 439 750 952 315 346 833 682 499 681 589 679 75 202 149 98 531 329 512 476 717 526 417 319 
d 381 345 511 125 50 380 480 368 171 582 320 487 928 506 521 427 539 111 107 966 313 608 417 196 937 929 672 6 456 90 678 189 787 189 314 837 570 146 205 741 729 877 580 9 383 102 789 275 213 896 241 878 856 658 75 793 940 99 151 748 541 829 937 328 371 604 165 293 750 370 386 479 600 967 841 335 421 630 610 634 878 204 864 734 214 291 527 154 743 30 902 284 212 192 613 583 796 130 228 546 
d 853 614 378 453 933 219 788 354 849 751 340 727 955 205 813 169 848 340 676 591 722 578 228 934 122 193 869 918 323 97 465 176 712 195 981 645 414 122 0 615 873 692 694 180 897 507 349 98 199 25 41 921 956 269 856 78 814 725 997 138 823 814 666 887 9 0 884 775 122 236 390 995 929 84 175 178 943 876 276 142 254 670 63 562 291 271 992 106 349 341 596 524 155 614 411 516 614 295 643 88 
d 884 33 83 813 469 610 343 412 839 620 906 93 642 970 655 933 241 647 39 942 341 987 466 496 602 877 365 568 525 8 657 409 394 92 574 863 55 917 628 894 889 534 339 531 856 346 817 450 345 208 392 686 196 859 535 150 88 900 70 613 908 727 374 654 172 300 870 227 570 498 473 459 384 164 343 593 510 512 43 855 720 787 542 268 998 429 770 87 329 841 52 589 920 779 244 92 79 114 671 649 
d 964 496 461 700 660 156 645 170 668 688 378 740 828 272 361 826 701 131 265 30 972 318 971 893 97 567 337 528 33 9 530 349 505 343 402 518 499 47 688 519 88 66 259 916 338 972 94 39 104 360 421 428 678 745 321 127 312 659 655 698 20 185 47 877 880 449 395 379 497 436 898 585 502 510 853 193 834 947 232 938 307 6 367 337 103 40 464 415 51 472 465 423 9 865 301 890 314 48 269 163 
d 484 520 100 987 382 305 532 216 253 116 507 912 122 874 602 225 266 66 993 318 890 810 741 900 675 394 790 342 443 411 857 927 283 958 266 17 615 150 586 220 267 93 133 741 967 87 967 585 153 312 903 396 122 997 296 150 391 438 492 186 201 349 466 837 659 84 854 275 235 440 495 502 533 980 243 852 67 562 438 573 874 693 969 349 690 617 499 434 55 991 620 608 692 86 445 352 523 300 627 758 
d 740 474 260 626 455 503 830 874 418 268 447 292 314 416 993 356 33 844 790 440 187 763 49 880 201 494 584 724 146 563 482 887 37 94 865 844 950 695 719 368 316 166 12 630 935 6 986 320 850 129 761 38 892 162 270 445 656 854 170 803 417 4 42 454 99 259 651 401 954 370 769 270 888 781 252 823 787 591 144 990 720 257 380 964 419 650 761 75 856 283 230 273 288 624 79 739 883 730 140 838 
d 100 909 460 341 42 65 164 182 656 660 172 728 917 552 692 336 554 453 764 410 737 346 35 377 971 114 468 854 197 608 44 649 869 505 990 263 570 155 445 578 167 617 306 85 521 998 773 427 803 889 837 892 236 224 269 207 339 737 413 536 697 458 185 918 315 528 182 237 683 627 815 850 597 121 287 118 471 61 898 626 950 87 519 538 312 140 745 651 230 159 539 927 969 76 846 284 604 380 521 639 
d 7 688 842 604 161 129 75 984 542 973 610 845 412 481 383 724 622 481 727 852 992 266 131 961 695 329 597 299 709 470 939 69 158 781 25 319 262 100 303 805 425 265 650 838 747 385 914 369 866 642 573 858 260 56 171 955 386 768 255 447 238 546 868 748 327 894 419 589 346 74 746 124 340 396 314 87 782 228 808 0 870 733 211 131 789 382 86 527 503 693 327 93 239 195 842 566 89 613 508 436 
d 688 254 560 28 3 874 467 137 454 627 137 325 712 348 808 853 83 246 733 586 940 60 31 531 607 873 450 697 487 958 485 527 564 397 907 567 623 374 56 77 353 194 754 417 894 914 270 329 513 3 267 805 415 299 336 23 524 786 72 363 96 557 890 661 306 797 580 281 523 637 710 228 831 817 645 77 731 916 407 596 271 674 401 687 325 738 62 850 524 134 213 621 43 104 634 701 253 214 982 777 
d 851 692 357 34 861 3 112 593 271 871 189 542 897 943 581 223 681 643 425 557 129 638 178 524 94 164 225 700 379 207 829 582 252 186 617 113 189 81 58 812 304 600 707 201 543 288 776 576 284 553 133 765 192 664 290 638 828 515 338 559 75 167 142 327 706 759 792 247 840 203 60 496 803 767 697 698 55 826 274 691 379 407 457 923 423 99 914 252 614 252 811 689 772 953 368 478 64 513 77 256 
d 716 137 752 871 904 802 921 312 628 547 355 359 306 164 635 730 263 549 982 230 153 145 271 925 451 640 755 515 505 833 124 573 322 876 444 227 30 717 891 658 264 246 370 570 411 5 300 674 554 634 256 707 132 528 985 583 520 92 450 25 277 574 598 600 803 394 179 833 111 70 844 375 316 214 297 79 571 598 754 477 584 362 536 716 890 873 299 410 966 102 435 595 676 385 547 831 131 726 665 594 
d 796 861 321 465 427 619 544 998 569 650 475 153 13 363 870 903 237 521 314 203 623 101 150 652 839 698 483 970 424 500 565 573 361 886 38 788 857 934 138 426 585 965 932 950 329 802 853 566 675 519 121 651 973 623 655 164 321 138 134 98 991 51 671 352 290 61 493 499 995 631 926 580 949 858 882 278 12 736 196 39 607 669 690 932 292 345 96 614 836 231 712 827 634 735 531 276 796 376 776 791 
d 360 54 724 309 264 606 587 628 694 135 667 302 804 358 234 96 55 331 62 243 914 126 422 900 861 306 529 657 682 657 801 42 711 525 351 975 131 290 603 178 777 622 480 581 332 66 30 388 749 444 983 663 571 406 916 784 712 445 442 746 102 595 789 165 120 492 492 603 135 95 781 912 69 613 494 402 680 876 142 429 320 125 445 243 883 361 28 595 158 822 342 260 769 483 777 889 327 269 844 462 
d 716 626 375 785 239 221 187 271 449 329 701 121 807 498 365 690 859 745 638 369 919 332 981 688 815 758 929 142 27 773 605 743 751 332 880 991 553 68 614 354 749 315 475 556 165 840 599 24 937 237 745 208 569 726 248 736 836 177 878 863 951 835 958 702 519 839 45 424 259 660 778 8 327 254 917 493 446 516 869 736 753 615 944 674 693 193 410 530 722 640 745 673 828 56 728 347 247 125 772 858 
d 137 902 218 465 156 135 310 955 3 531 691 108 498 635 782 192 180 192 74 903 185 171 928 13 227 8 360 826 134 484 684 623 739 903 440 895 390 750 202 394 282 893 854 780 881 637 324 61 181 750 316 366 922 245 379 501 253 92 328 739 928 364 363 19 619 803 915 10 906 469 756 188 363 610 320 244 599 997 657 781 747 974 499 669 571 231 523 176 675 203 916 955 567 631 975 539 434 242 549 340 
d 711 657 880 74 619 553 670 219 550 680 352 297 6 203 319 577 434 842 753 461 397 21 417 964 652 392 503 439 634 404 131 697 413 12 124 33 917 794 604 819 826 308 468 184 511 787 761 298 981 867 759 378 240 176 695 893 568 550 332 554 307 463 252 720 827 376 105 744 522 61 915 701 369 384 885 881 171 999 179 505 866 938 235 458 467 930 351 35 833 35 942 140 499 546 212 678 274 318 775 148 
d 379 690 849 101 74 735 982 598 86 513 103 304 803 338 762 270 621 114 658 806 149 600 946 0 498 510 31 772 180 806 920 560 848 770 13 923 857 347 521 295 860 976 599 663 666 361 934 639 827 592 445 329 544 743 681 42 254 712 166 434 518 86 346 367 208 359 642 417 706 515 712 566 491 311 582 509 25 868 149 852 812 946 181 356 690 863 750 944 575 916 378 446 354 725 165 915 436 159 332 143 
d 674 397 61 517 60 995 26 85 863 527 938 675 474 471 383 164 686 133 460 262 401 838 60 108 915 577 23 352 736 707 847 762 456 260 279 517 256 657 954 119 537 244 795 363 716 178 879 402 664 339 16 417 529 428 877 445 357 900 149 93 960 348 207 768 608 838 637 864 848 592 984 385 836 131 100 904 661 979 659 677 318 675 95 847 456 324 292 813 577 793 259 537 141 466 657 750 657 295 614 505 
d 887 950 242 75 81 342 980 95 321 991 772 639 18 219 838 474 544 131 288 121 276 899 10 418 717 667 520 374 962 486 231 201 437 473 629 870 815 609 965 488 952 90 479 970 661 318 445 205 801 85 678 77 984 688 847 701 708 367 428 22 854 659 224 643 133 853 513 300 814 831 141 766 273 620 736 934 938 533 140 91 618 170 521 954 859 368 8 919 88 436 941 294 95 165 937 580 370 802 233 536 
d 985 374 654 258 994 391 545 285 276 37 728 247 207 249 201 418 618 209 337 58 997 279 352 93 796 641 25 519 795 258 55 781 984 710 391 979 453 936 616 81 325 344 328 533 946 530 303 564 91 641 974 89 272 326 534 68 967 559 587 762 170 995 895 154 57 287 485 862 575 453 943 253 150 272 786 96 802 89 12 245 82 986 334 354 312 220 775 631 780 714 745 302 709 641 456 118 280 942 980 207 
d 395 924 460 545 548 598 993 702 40 5 947 122 991 634 477 303 854 604 286 634 318 32 936 28 673 745 146 305 39 479 512 434 403 325 332 951 923 325 653 963 331 952 438 674 586 267 978 441 871 616 427 189 648 716 217 673 461 716 978 500 195 843 286 950 168 970 253 91 296 258 407 979 210 845 653 149 112 983 590 983 600 17 172 600 85 742 274 546 810 604 398 5 447 685 307 967 655 560 411 303 
d 170 818 634 732 15 288 881 127 623 471 462 575 841 634 176 926 728 802 825 538 406 223 895 206 260 554 525 268 466 936 571 636 754 206 369 121 846 250 248 821 74 710 397 267 697 573 545 777 727 370 668 485 946 563 691 206 470 217 474 936 153 398 573 260 956 294 733 154 896 982 975 322 44 372 589 93 297 135 871 376 857 891 862 803 806 553 10 276 122 836 213 628 234 138 240 542 784 973 696 680 
d 307 672 355 704 396 944 797 46 431 20 422 289 911 284 444 718 190 454 346 664 643 559 292 877 49 884 420 833 858 468 866 165 140 221 869 889 517 19 935 949 391 709 590 303 346 34 373 536 841 719 200 836 631 845 65 680 729 837 866 939 306 84 457 798 305 678 687 174 697 974 475 89 684 417 744 30 804 469 918 645 540 470 833 523 315 898 204 397 736 422 336 42 506 793 840 163 472 880 337 521 
d 854 165 962 890 582 58 272 386 527 190 383 420 661 216 943 328 115 499 725 851 921 62 245 779 207 85 294 679 317 632 201 172 149 163 414 731 222 687 118 101 877 501 521 890 718 465 219 833 316 944 36 590 358 281 369 566 718 16 245 36 0 798 560 149 314 974 880 536 13 998 989 891 500 863 781 570 680 352 755 996 297 791 586 7 424 308 573 494 324 171 882 324 321 442 473 635 769 353 523 782 
d 704 513 25 556 728 159 126 408 511 881 404 160 24 343 520 800 651 93 294 327 616 177 651 938 971 476 925 92 181 449 227 885 314 252 441 42 763 567 450 627 800 206 139 176 549 659 976 552 105 271 879 73 800 882 363 771 358 289 864 540 90 443 425 404 47 219 798 811 786 600 790 939 806 929 115 708 941 444 260 46 715 140 119 515 22 483 638 733 124 854 273 214 297 50 618 345 269 768 508 408 
d 368 298 347 526 579 814 234 520 258 495 566 325 987 38 192 361 873 831 94 997 37 367 211 335 418 181 32 39 949 892 447 669 542 146 195 121 961 782 642 571 629 560 249 616 950 441 329 823 624 424 172 662 143 735 349 913 916 733 953 217 625 752 238 167 899 786 288 212 568 282 135 197 195 384 165 145 826 494 321 802 270 493 464 766 581 165 679 497 898 984 67 875 737 305 42 636 91 683 200 11 
d 317 335 560 512 720 725 10 546 572 331 700 194 176 165 960 757 682 640 607 933 976 26 808 713 331 203 701 775 238 901 786 555 237 699 420 309 424 430 207 348 113 907 895 641 424 855 751 107 847 358 40 824 736 848 889 67 403 591 194 641 844 333 197 433 32 617 742 808 399 949 509 512 857 404 505 281 259 256 740 459 966 780 635 702 981 524 770 736 467 316 378 312 649 927 97 33 896 840 194 295 
d 141 703 159 350 107 664 632 718 921 724 177 887 857 812 590 190 689 712 926 156 380 304 820 382 231 918 415 479 110 961 774 251 664 933 602 123 950 586 842 871 310 371 110 519 536 52 709 225 116 636 733 497 940 906 231 524 824 998 3 286 960 130 889 624 415 491 748 365 429 942 588 92 665 51 611 201 103 321 778 572 957 864 421 249 770 652 125 946 650 481 232 962 611 121 587 378 965 687 744 394 
d 981 684 838 646 735 450 200 191 123 330 115 432 194 536 33 316 540 511 262 542 992 846 505 955 968 444 685 285 483 429 679 464 466 870 462 201 320 662 744 795 345 859 227 891 747 612 208 287 123 470 182 467 669 687 774 637 483 460 922 966 241 953 430 707 823 892 261 495 907 5 642 252 217 221 143 964 834 703 604 957 174 786 777 195 825 551 832 308 11 106 626 253 411 56 312 587 300 573 82 207 
d 931 77 811 148 298 307 464 132 10 420 442 536 558 571 731 383 122 563 43 486 21 669 91 433 77 403 20 730 977 454 289 260 531 101 408 182 408 224 666 770 645 460 307 203 31 38 939 506 954 334 992 327 4 83 760 433 486 132 163 815 939 453 75 822 906 835 4 666 412 671 436 57 131 95 612 515 486 903 21 440 238 13 119 594 96 232 379 934 364 543 750 655 348 177 478 606 13 482 624 425 
d 505 412 834 989 508 798 504 994 54 525 786 292 890 257 238 338 489 617 272 854 512 374 861 212 904 339 818 269 822 442 694 679 855 880 668 715 30 524 61 436 49 847 728 291 456 318 629 946 936 254 152 800 980 13 13 884 353 831 153 527 626 199 206 481 431 227 548 462 751 609 898 153 808 979 444 264 649 426 210 937 680 362 738 660 376 751 897 81 934 50 608 560 250 166 393 681 745 941 495 497 
d 902 746 2 710 77 798 975 78 224 537 16 256 252 754 917 980 857 814 61 791 216 21 704 818 187 97 852 933 391 347 782 293 445 136 356 874 934 683 953 511 220 321 767 472 427 36 452 284 202 865 427 771 886 131 589 426 581 441 711 324 141 493 969 938 981 325 813 267 8 118 778 581 791 898 405 218 286 210 502 489 75 281 260 314 413 849 740 346 643 451 670 784 296 639 722 277 317 887 896 325 
d 357 675 258 148 925 664 366 211 874 220 700 301 502 312 615 267 514 355 965 509 158 635 293 454 626 367 83 943 255 980 621 612 7 879 761 932 543 479 143 769 700 196 423 554 860 38 173 374 746 138 883 904 125 528 711 751 896 794 47 503 126 668 115 133 547 228 65 443 60 209 564 112 757 339 18 617 378 191 344 476 329 579 732 806 108 443 557 356 590 956 859 716 624 326 850 524 907 267 319 319 
d 828 883 431 585 223 449 203 953 640 899 781 321 478 513 127 938 309 36 294 899 993 505 967 969 832 169 493 91 437 812 410 265 48 841 851 271 642 406 576 634 305 357 307 783 870 434 722 531 822 368 430 167 874 398 137 58 919 982 501 356 795 911 622 195 104 825 466 98 583 394 732 888 751 39 23 973 825 97 505 999 466 287 167 692 37 656 102 957 990 603 313 137 866 287 332 322 464 150 420 47 
d 544 152 935 647 191 959 621 368 408 478 367 226 765 886 918 155 542 372 112 533 327 425 22 193 65 355 867 529 505 287 577 402 791 864 49 982 175 22 702 584 852 70 810 970 956 81 125 851 453 237 736 133 14 758 678 79 113 546 961 619 833 538 373 625 754 422 959 930 445 662 514 649 84 676 619 40 109 744 891 915 981 627 48 348 738 726 779 851 272 740 822 458 630 195 83 385 970 394 667 767 
d 408 533 416 492 209 36 885 319 780 128 234 762 108 634 462 846 360 241 697 633 982 872 443 964 67 526 701 37 272 368 804 33 901 221 525 463 257 762 134 37 891 720 151 999 354 965 845 66 207 894 51 541 766 494 857 186 372 559 223 645 279 380 678 181 953 555 996 562 318 482 951 561 202 103 560 908 420 757 326 627 3 378 520 770 872 378 956 245 937 531 242 216 263 272 749 216 179 97 778 497 
d 579 730 410 133 185 322 393 605 79 720 585 435 98 105 205 322 835 513 919 772 396 513 341 12 785 442 228 965 540 359 814 471 441 225 957 978 547 350 935 979 422 872 414 872 978 971 195 165 836 466 938 584 980 631 596 765 73 825 82 965 536 897 789 329 474 746 307 373 448 242 704 223 115 470 95 445 441 642 610 629 109 900 214 89 883 810 206 309 987 289 626 875 538 415 204 364 513 511 89 314 
d 106 794 537 573 264 632 370 58 275 980 687 736 233 901 825 116 712 383 777 51 24 404 927 562 819 131 278 333 995 368 647 101 162 536 26 426 168 396 484 795 728 524 531 313 425 708 430 489 92 207 541 116 963 820 31 783 951 309 468 298 29 467 399 191 3 777 970 523 173 806 319 902 682 202 215 108 911 997 949 355 557 842 823 520 662 854 655 966 516 475 264 897 942 16 441 297 793 763 821 967 
d 921 492 221 604 694 788 64 957 786 13 312 695 856 488 567 870 694 223 836 562 698 453 460 993 821 901 290 614 16 463 933 937 955 506 541 2 295 957 959 433 971 624 480 179 112 47 49 158 622 238 721 673 43 533 666 864 434 308 478 802 124 764 739 431 270 633 433 565 590 745 998 913 721 830 92 185 878 494 343 500 732 64 173 775 597 191 639 383 852 469 537 976 233 277 407 504 262 193 421 204 
d 938 772 118 659 602 210 844 480 56 539 333 788 956 858 915 905 50 906 289 902 728 178 230 961 807 989 817 69 182 239 274 120 11 392 131 613 954 327 446 11 867 779 151 823 989 419 80 39 325 721 293 53 900 875 367 707 865 184 777 47 423 403 520 786 147 3 752 101 683 198 464 550 329 968 725 318 387 805 710 64 527 355 470 779 231 837 486 448 373 263 495 149 18 367 935 165 723 39 619 406 
d 589 435 956 270 403 33 941 142 190 651 207 69 358 29 848 941 866 335 389 591 950 237 740 321 604 28 486 327 67 105 85 657 541 393 279 296 426 220 439 969 223 998 390 582 27 591 523 245 278 265 836 228 502 577 901 458 605 388 138 24 845 223 33 738 617 313 35 395 533 826 716 109 824 107 691 203 698 566 448 976 831 284 556 685 861 458 144 818 198 634 195 43 857 228 134 826 893 521 574 779 
d 347 290 888 523 749 931 726 447 497 174 775 681 810 684 366 672 494 862 842 692 496 389 87 706 970 221 884 863 742 458 994 441 101 882 964 850 813 42 650 663 568 777 344 379 461 710 403 955 925 245 999 773 987 439 479 957 12 716 820 755 174 815 548 275 49 865 478 863 907 128 526 828 905 222 207 719 932 610 26 209 207 26 983 194 817 814 151 829 530 324 584 57 139 485 332 188 350 162 403 609 
d 290 281 437 548 503 996 267 788 606 293 997 814 671 980 360 488 147 512 318 677 836 254 734 327 739 419 867 441 581 271 51 224 552 840 772 408 837 39 196 795 332 545 609 4 878 970 492 25 834 162 702 22 417 789 349 156 208 216 598 141 839 1 365 744 193 137 152 30 528 348 826 213 893 787 569 771 109 413 148 295 576 203 317 993 992 666 149 552 235 99 45 74 452 411 818 646 900 970 28 781 
d 670 854 994 916 994 563 39 103 976 188 751 552 391 68 897 735 735 399 287 322 498 684 396 951 447 215 949 348 537 977 481 208 184 475 476 178 390 515 633 366 703 384 271 446 453 168 181 540 919 820 862 418 505 258 721 952 825 670 652 363 999 485 923 183 960 399 361 702 914 347 421 970 731 692 768 536 212 302 76 132 122 290 902 979 549 975 284 726 997 288 441 996 774 364 180 86 115 893 789 382 
d 240 210 352 324 254 472 860 818 774 289 302 249 579 556 580 480 883 864 207 880 505 0 229 631 365 761 717 832 654 858 214 247 420 918 571 26 391 783 197 517 72 851 766 652 408 347 484 643 563 691 524 68 692 753 699 409 514 769 593 520 979 808 119 400 78 42 778 469 826 975 987 250 179 105 902 939 452 387 582 16 430 106 436 474 211 488 235 725 609 829 598 588 637 717 340 715 760 119 537 938 
d 446 876 188 625 981 443 564 786 182 147 154 612 605 590 439 817 430 674 894 39 503 492 628 492 562 968 560 674 439 97 612 238 325 800 863 306 243 780 444 777 279 598 390 884 189 181 53 971 855 300 11 711 144 639 203 706 959 763 380 751 212 344 989 889 497 852 548 92 984 992 870 263 591 260 500 132 441 905 103 648 205 114 359 350 105 915 56 417 678 789 168 243 485 157 132 982 361 32 75 698 
d 25 945 313 968 557 813 452 350 719 555 998 276 22 358 626 479 625 35 896 655 176 416 898 661 925 383 644 639 415 719 337 792 16 650 760 573 816 212 923 887 120 273 163 494 983 790 973 608 177 222 264 353 990 162 366 916 897 10 555 665 81 244 809 449 246 570 22 62 134 297 949 606 571 113 100 554 255 426 163 784 648 427 489 990 941 855 906 191 218 813 856 651 409 17 101 656 939 475 718 74 
d 773 20 680 344 485 133 898 740 559 61 876 559 840 365 549 782 572 456 325 142 621 533 794 31 550 247 687 490 722 757 916 495 777 596 839 262 81 90 354 640 503 230 199 344 947 749 478 872 557 803 14 530 336 160 561 886 407 600 728 130 358 644 977 487 593 169 750 674 259 104 315 762 687 866 458 986 967 936 858 524 739 873 407 427 33 968 666 441 921 394 923 631 39 900 118 632 69 868 306 680 
d 325 973 443 364 840 901 350 807 190 209 684 281 434 91 709 467 411 727 260 332 121 535 315 512 788 434 496 209 654 155 890 331 128 685 695 320 938 398 128 128 959 164 762 393 607 823 212 18 550 825 703 23 712 18 888 500 804 384 710 811 891 952 142 20 989 190 692 927 940 172 408 899 336 522 644 943 345 208 314 247 385 17 270 98 387 510 598 544 247 660 355 138 964 497 510 953 39 203 881 979 
d 375 641 878 64 163 874 359 860 83 673 107 820 42 729 918 782 240 869 326 487 529 681 977 494 530 488 799 570 43 32 901 770 673 132 834 188 6 194 48 441 219 507 262 262 237 180 44 829 49 722 316 931 755 645 777 285 485 576 207 528 609 109 299 634 241 485 175 599 679 575 41 251 83 303 865 320 835 909 149 237 983 817 168 738 814 297 375 300 873 935 828 834 396 479 821 637 965 996 588 996 
d 571 629 247 6 284 112 326 120 373 827 709 708 996 877 446 811 174 174 463 399 109 643 234 505 123 407 494 440 403 82 436 326 64 36 333 700 500 11 172 226 191 881 934 539 110 733 702 284 259 165 36 368 809 270 225 284 29 71 724 432 153 512 110 569 900 443 270 401 807 794 979 998 676 265 889 786 998 592 423 609 757 459 977 918 81 554 202 110 625 926 894 779 791 4 700 691 800 322 444 607 
d 117 423 957 145 689 846 283 39 790 706 649 548 517 978 818 598 533 21 708 158 299 954 289 90 959 342 134 111 664 578 70 133 354 27 278 395 225 562 434 368 620 435 268 138 766 86 736 299 107 797 809 759 751 451 201 62 793 335 173 457 266 243 943 620 622 573 367 200 487 153 568 108 589 836 246 707 922 334 358 382 483 167 493 587 618 694 649 411 382 175 221 0 418 516 972 393 89 339 945 577 
d 492 865 685 433 701 283 140 975 969 498 709 453 18 554 40 636 249 689 400 983 216 973 335 635 489 307 380 930 998 325 859 490 190 896 276 243 179 416 570 501 267 632 954 285 186 994 921 787 35 673 122 252 998 457 239 487 764 971 770 114 648 629 605 838 526 881 433 57 649 355 558 916 987 512 553 174 858 475 961 246 500 84 850 499 893 89 338 10 412 108 124 60 90 81 250 968 314 683 25 964 
d 38 584 232 378 448 786 552 659 613 865 905 113 301 755 964 195 196 303 205 608 763 681 668 205 763 918 173 77 953 199 41 343 135 626 721 935 412 625 594 377 491 851 490 792 606 807 339 154 462 896 762 577 578 782 783 693 52 956 770 357 507 164 701 994 790 422 930 554 48 876 931 891 728 773 35 334 580 375 841 42 623 603 620 553 738 755 246 790 711 17 148 571 533 849 565 323 623 847 877 23 
d 724 160 914 804 933 302 490 866 677 331 908 652 935 880 206 673 635 452 815 699 821 315 270 354 516 187 29 140 35 258 515 111 418 782 915 704 84 405 570 113 737 830 765 24 63 323 49 698 128 216 749 949 532 19 656 48 559 37 540 946 296 56 57 66 838 324 770 274 729 692 387 818 523 152 194 938 828 243 636 956 460 386 257 992 757 265 392 668 303 933 614 599 341 23 17 179 347 788 805 429 
